[
    {
        "elapsed_time": 3.5849353339945083,
        "test/nnPU/error": 0.3291,
        "epoch": 1,
        "nnPU/loss": 0.5016917288303375,
        "train/uPU/error": 0.29509115191986635,
        "train/nnPU/error": 0.29509115191986635,
        "iteration": 2,
        "uPU/loss": 0.5016917288303375,
        "test/uPU/error": 0.3291
    }
]