[
    {
        "iteration": 2,
        "test/nnPU/error": 0.2969,
        "uPU/loss": 0.47470563650131226,
        "train/uPU/error": 0.24010350584307183,
        "elapsed_time": 2.4821850359985547,
        "train/nnPU/error": 0.24010350584307183,
        "epoch": 1,
        "test/uPU/error": 0.2969,
        "nnPU/loss": 0.47470563650131226
    },
    {
        "iteration": 4,
        "test/nnPU/error": 0.2554,
        "uPU/loss": 0.4298956096172333,
        "train/uPU/error": 0.1621068447412355,
        "elapsed_time": 4.987892101999023,
        "train/nnPU/error": 0.1621068447412355,
        "epoch": 2,
        "test/uPU/error": 0.2554,
        "nnPU/loss": 0.4298956096172333
    },
    {
        "iteration": 6,
        "test/nnPU/error": 0.2337,
        "uPU/loss": 0.3913118690252304,
        "train/uPU/error": 0.16273923205342233,
        "elapsed_time": 7.5076507330013555,
        "train/nnPU/error": 0.16273923205342233,
        "epoch": 3,
        "test/uPU/error": 0.2337,
        "nnPU/loss": 0.3913118690252304
    },
    {
        "iteration": 8,
        "test/nnPU/error": 0.2299,
        "uPU/loss": 0.3465736508369446,
        "train/uPU/error": 0.14730283806343913,
        "elapsed_time": 10.013690807001694,
        "train/nnPU/error": 0.14730283806343913,
        "epoch": 4,
        "test/uPU/error": 0.2299,
        "nnPU/loss": 0.3465736508369446
    }
]